0.0548221
0.0948373
0.0542685
0.0351725
-0.0204227
-0.0374907
-0.0373137
-0.0455172
0.00795291
0.0361451
0.028299
-0.00227945
-0.0302173
-0.0604985
-0.0295324
-0.0315146
-0.0448185
0.0366643
0.0460464
-0.00897259
-0.0249918
-0.0285036
-0.0378035
0.0032333
0.0158472
0.0219907
0.0665894
0.0221827
-0.0054954
-0.024277
-0.0381409
-0.03929
-0.000131818
0.0100961
0.0291905
0.0414051
0.0344578
0.00436689
-0.00271876
-0.0122195
-0.0230112
-0.0014483
-0.000916453
0.0167413
0.0492581
0.044585
0.00716976
0.00709297
-0.00822734
-0.0424151
-0.0281057
-0.00742217
0.00132781
0.0394433
0.0500183
0.0309753
0.0238102
-0.00995281
-0.0334017
-0.0194025
-0.00357061
0.000371559
0.0357763
0.0339813
0.0427753
0.00090634
-0.0201296
-0.0453841
-0.0323438
-0.0251513
0.0231441
0.0416202
0.0285727
-0.00660035
-0.0307195
-0.0271841
-0.0370574
-0.00101411
0.0237166
0.0538034
0.0308221
-0.0135976
-0.00654133
-0.027761
-0.0163091
0.00551616
0.069539
0.0654238
0.0625212
0.010152
-0.0529725
-0.0196032
-0.00544532
0.0675544
0.0722509
0.0664488
0.00127597
-0.0273266
-0.0531834
-0.013161
-0.00522895
0.00394229
0.0244554
0.0242717
0.0212886
-0.00816117
-0.00134809
-0.0243561
-0.0236523
-0.0101444
0.0267752
0.0451726
0.0478572
0.045501
0.00162177
0.00585376
-0.0218126
-0.0516349
-0.0196474
0.00297671
0.0516381
0.0256604
0.0633886
-0.00544122
-0.0187007
-0.0487646
-0.041419
-0.00674803
0.00946334
0.0467299
0.0553972
0.0494599
-0.0185604
-0.0199807
-0.0471048
-0.0523717
-0.014334
0.0183688
0.0611315
0.0320332
0.0528303
0.00652408
-0.0194824
-0.0538298
-0.042281
-0.0189255
0.0336506
0.0660771
0.0452608
0.0563317
0.0193392
-0.00440066
-0.0434216
-0.0208735
0.0174906
0.0248955
0.0378475
0.00344459
0.0257323
0.0277922
0.0170042
-0.0223999
-0.0310777
0.00725687
0.02573
0.0528356
0.0323573
0.0367129
0.00239769
0.00220797
-0.0246161
-0.0706771
-0.0453587
-0.007123
0.0542487
0.0504302
0.0738806
-0.030382
-0.0323252
-0.0568409
0.0163239
-0.0204155
-0.02407
-0.025216
-0.00655239
0.0382726
0.0529167
0.0632164
0.0448331
0.0318328
-0.0190627
-0.0228244
-0.0406898
-0.0523793
-0.026483
0.00410157
0.0191907
0.0367915
0.0566968
0.0118895
0.00896691
-0.0179587
-0.0371522
-0.0183609
-0.0239078
-0.00775473
0.0443584
0.0351643
-0.00148272
-0.00291027
-0.0133081
-0.0163595
-0.0206141
-0.0276974
-0.0170888
0.0309462
0.0604156
-0.0114888
-0.0208901
-0.0172143
-0.0423799
-0.0242513
-0.0209944
0.00450781
0.0696755
0.043603
-0.0337697
-0.0435436
-0.0400332
-0.0568046
-0.0307249
-0.0173072
0.0153277
0.0516527
0.0457859
-0.0289127
-0.0367893
-0.0259728
-0.0368901
-0.0180594
0.00107109
0.0162003
0.0570616
0.0445162
-0.0288153
-0.0463622
-0.0369039
-0.0469443
-0.0280319
-0.0258335
0.0198982
0.0409935
0.0471345
0.0418054
0.00371483
-0.0270817
-0.045588
-0.00732029
-0.0341966
-0.0221604
0.0457673
0.0176225
0.0767639
0.0665847
0.0323312
0.000573896
-0.00339671
-0.0227657
-0.0356424
-0.0177387
-1.39997
