-0.0103004
0.0277203
0.0411611
0.0319698
-4.21494e-005
-0.0174315
-0.0184128
-0.0125485
-0.0199961
-0.0323268
0.00134606
0.0199949
0.0223462
0.00993746
0.0182805
0.0151089
0.00268344
-0.0281515
0.0411968
0.0195198
-0.00936453
-0.01935
-0.0261686
-0.0223969
-0.00742361
0.0214437
0.0394989
0.00397105
0.0113319
-0.00556975
-0.00430174
-0.0144413
-0.00186952
0.00423465
0.00567484
0.0105792
-0.0215318
-0.0109049
-0.0156064
-0.017475
0.00853038
0.0354437
0.0352683
0.0290253
-0.0166155
-0.0378411
-0.00395739
0.0160897
0.0139642
0.0111091
0.0359546
0.033177
0.00478547
-0.0333654
-0.0156754
-0.0174543
-0.00804486
0.0098064
0.0124614
0.0176601
0.0356647
0.0203187
-0.00827351
-0.0189303
-0.0145447
-0.0196652
-0.00328184
0.00536084
0.0207773
0.00801686
0.0149934
-0.00621442
0.0180819
0.0110257
-0.00991726
-0.0105641
-0.021138
-0.00532752
-0.00770048
0.00691396
0.0307409
0.0291704
0.014612
-0.0140697
-0.0211328
-0.0245342
-0.0183409
-0.0252421
-0.0179967
0.0323677
-0.0161616
0.0325843
0.0447476
0.0229329
0.00978435
0.0272449
-0.00243271
-0.00715272
-0.0186981
-0.00807514
0.0144972
0.0146873
0.0141866
-0.0081816
0.0111213
-0.0112482
-0.0125664
-0.0188446
-0.0202473
-0.0138368
-0.0170263
0.00588687
0.0375548
0.0347058
-0.014345
-0.0137577
-0.0147877
-0.023364
-0.0141932
-0.00746297
0.0289108
0.034063
0.0229628
-0.0272764
-0.0288617
-0.0294541
0.0255754
0.0159655
0.00476768
-0.00964335
-0.0140702
-0.0163877
-0.0270036
-0.0140585
0.025824
0.0281761
-0.00209701
-0.0112823
-0.0257332
-0.0229011
-0.0166955
-0.0112222
0.014048
0.0367068
-0.0126556
-0.0107147
-0.00239543
0.0242256
0.0317752
0.0194492
-0.010832
-0.0120879
-0.0094076
-0.0118799
-0.0132594
-0.00808052
0.0199463
0.0211097
0.0300916
0.000567428
-0.00530984
-0.0029481
-0.0186067
0.0055793
0.005368
0.0209891
0.0267022
0.0201327
-0.0169262
-0.0191352
-0.028449
-0.027443
-0.00118676
0.00422182
0.0115763
0.0175038
0.0388447
-0.0170641
-0.0152139
-0.0352101
0.0188027
0.00177807
-0.00679852
-0.0181219
-0.0221431
-0.00834092
0.00374397
0.0310944
0.0220046
0.021005
0.0116565
0.00776347
-0.000818905
-0.0363001
-0.0136743
-0.00299112
0.015667
0.0111883
-0.0178514
-0.00454416
-0.000435645
-0.0106152
0.0110016
0.0204681
0.00689947
0.00225806
-0.0149626
-0.01901
-0.00867111
0.0137295
0.0182185
0.0153521
0.03229
0.00552361
0.00651564
-0.0175939
-0.0229235
-0.0159714
-0.0115944
0.00504619
0.0157794
0.0391721
0.00983067
0.00721877
-0.0138293
-0.0101214
-0.0219867
-0.0253666
-0.0203738
-0.00846004
0.0281726
0.0331501
0.0470805
0.0309131
0.00669372
0.0111025
0.008265
0.00509892
-0.0197054
-0.00465013
-0.00183112
0.0102273
0.00219295
0.0448939
0.0114817
-0.0104492
-0.0231656
-0.0364079
-0.00976165
-0.00450802
0.0129775
0.0360256
-0.0152298
0.00546121
0.0107863
0.0303767
0.016735
-0.00508781
-0.010296
-0.00128308
-0.0185326
-0.00285153
0.0360706
0.0373234
0.040749
-0.00340467
-0.0199265
-0.026647
-0.0125317
-0.0194495
-1.21722
